56,3
56,2
56,1
56,0
0,475
0,474
0,473
55,3
55,2
0,472
55,1
55,0
54,3
54,2
54,1
54,0
0,471
0,470
53,3
53,2
53,1
53,0
0,469
52,3
52,2
52,1
52,0
0,468
51,3
51,2
51,1
51,0
0,467
50,3
50,2
50,1
50,0
49,3
49,2
49,1
49,0
0,466
0,465
0,464
0,463
0,462
48,3
48,2
0,461
48,1
48,0
0,460
0,459
0,458
0,457
0,456
0,455
0,454
47,3
47,2
0,453
47,1
47,0
0,452
0,451
0,450
0,449
0,448
0,447
46,3
46,2
46,1
46,0
0,446
0,445
0,444
45,3
45,2
0,443
45,1
45,0
0,442
0,441
0,440
0,439
0,438
0,437
0,436
0,435
44,3
44,2
44,1
44,0
0,434
0,433
43,3
43,2
43,1
43,0
0,432
42,3
42,2
42,1
42,0
0,431
0,430
0,429
0,428
0,427
0,426
0,425
41,3
41,2
41,1
41,0
0,278
0,424
0,386
40,3
40,2
40,1
40,0
39,3
39,2
39,1
39,0
0,273
0,270
38,52
38,51
38,50
38,49
38,48
38,47
38,46
38,45
38,44
38,43
38,42
38,41
38,40
